%% Antal 2023 Bumblebee
J=0.001^2*[1590.5 -3.14 -0.135; -3.14 1481.3 -49.18; -0.135 -49.18 2768.4];
m=0.605;

%% geometric control paper
J=diag([0.083, 0.0845, 0.1377]);
m=4.34;
